Number of bits   Number of Generations   Total Time(sec)     Value of Key
--------------   ---------------------   ---------------     ------------
1                0                       0.829929902         1
2                0                       0.812569115         10
3                0                       0.814724443         111
4                0                       0.806760585         1101
5                0                       0.811372995         11101
6                2                       2.425810746         111001
7                2                       2.415726454         1101101
8                1                       1.613196689         11001011
9                3                       3.219485560         110111001
10               4                       4.058531169         0111110101
11               9                       8.072847144         11101011011
12               4                       4.040287809         111110101011
13               4                       4.038030511         1100010011111
14               4                       4.023181180         11101100111001
15               7                       6.445693655         110001111011011
16               5                       4.833096034         1100110110101111
17               5                       4.834778389         11000001011010111
18               5                       4.836270461         111011110011101001
19               15                     13.619979904         1101000011100100001
20               10                      9.120512184         11101000001101000101
21               6                       5.674559481         110011001111000001011
22               15                     12.956657087         1101000001001001101101
23               9                       8.117780658         11101011001101001001001
24               19                     16.263847540         110101010110011100010101
25               11                      9.718315300         1111011001101110100100011
26               13                     11.420839576         11001101100000011000100101
27               22                     18.795382744         111101100001110010011101001
28               20                     16.993400108         1100010001111001110000111001
29               13                     11.324068569         11011111101101011100110010101
30               19                     16.342171424         111110001100001111010001011011
31               17                     14.633467244         1110010011110110011100000101011
32               20                     17.060937450         11010110010101010010000001111101
33               27                     22.771944326         111000100111100101011111010000001
34               20                     17.017374947         0111111001111011110110010000100111
35               25                     21.271743499         01100010110101010100011001000100111
36               33                     28.065102159         111110000111110111110111010101100001
37               19                     17.789507546         1101100011100101011100000001101000011
38               20                     18.779712868         11001001010111001101011101011010101001
39               24                     22.018260860         110101101000001000101011010110100001001
40               34                     30.817497979         1111010111100100000101011110001100110001
41               28                     25.120901880         11010010010001110100010010011010110101101
42               39                     33.999297112         110111111000001101101110111010100110001101
43               32                     28.274895885         1101011001110000000000111000100000110000101
44               63                     57.021669569         01111001110111011101100110111000010111110001
45               31                     28.241550091         111010001100110100000110100101101010000111111
46               24                     22.015370080         1110111110110010101011011001101011001001110001
47               40                     36.410531599         11010000111001010001101110111001011110101101001
48               21                     19.416164725         110100100110110111001100010110111101001100011001
49               59                     52.852732842         1110100101001100101010101010001001001110011100101
50               31                     28.093691450         11001010101010111111000110011101100011101110111011
51               63                     56.960302691         111001001100011110111110100001110101010010010111101
52               70                     62.498192061         1111000100011000010001100100110111011111101101101011
53               50                     44.363247847         11110001011011011000110110110000011101101101100101111
54               38                     32.429591737         111000000100101000001011100101011100001100100010011101
55               49                     40.949070941         1111111011111100101001000000100011110110001001110010101
56               35                     29.591173682         11010011010100001010000011011111100101111101110010010011
57               51                     42.578922289         111110101100110001001001111110111111100111001111010010101
58               48                     40.275831678         1110010100101001100100100101001011001110011001101100000111
59               49                     41.171033032         11011001001110000010010010101110010100010101110111010000111
60               98                     80.901665241         110000110000011010010111101101010100011101110001011000000010
61               90                     74.342137822         1110011000100100000000111101001111010110101111101000011111011
62               43                     36.001057541         11100011111000000000011010101001011111111111101011101011110111
63               115                    94.940335119         110000010100010110010001101110001101101100100101010111000111001
64               63                     52.287531407         1110000110001011011110100110100111110011010011100111111011011111
65               35                     29.350417910         11101111110101110100111101001101100001011010110011100010110110101
66               45                     37.554943108         110100000100011110000010110000011101000100101100110011010110101111
67               58                     48.149074360         1111111110000111111011001000111000110001000110100100010000011011101
68               192                   158.878536971         11000110101110010011001000110101010001110101000111110001111100101001
69               80                     66.489044202         111010001011001001010011010110100110100110110000110010010100101010011
70               330                   271.675205222         1101000001100001001010110101000110010010101111101001011010100111000001
71               122                   100.724733550         01101111101000110001101111001110110000011010100110100111011100110100011
72               134                   120.315552318         110101010001101111000101010011101000010110000001010011100100111110010011
73               55                     48.405558959         1111100110100110111011000100010110011100111111000110011111110000000101011
74               105                    86.805993223         11101111101000011101110010111000101100100001001111000010100011110110000101
75               192                   159.674148577         110011001101000000010001101000010011011000100110010011111010001001110001001
Couldn't find the key, maybe try increasing MAX_GENERATIONS?
76               500                   413.041216964         1110000111000010111100001010011000001100110000000100101100101011001010110111
77               107                    92.147580142         11111011111000011001001011011010111000010101001111111100011010011011110110011
78               123                   105.654915840         110011101111110001111111001111111100010001010000110110110011100110110011000001
79               219                   187.157743322         1101011000111111110111111101001001011001111001010110100001111111110101101001011
80               77                     66.471110713         11001000100011010100110111101110010110001111011010111010111100111101011011001101
Couldn't find the key, maybe try increasing MAX_GENERATIONS?
81               500                   426.625815959         111011011101010101010101001011111001101001011011011111100100111100011101000001011
Couldn't find the key, maybe try increasing MAX_GENERATIONS?
82               500                   429.114969387         1101100000111000011111000001101000101010000101000011111111011000011001110110101111
Couldn't find the key, maybe try increasing MAX_GENERATIONS?
83               500                   430.896576343         11000111010000101101010110101010101100100110000101110000111010001000100100100111111
Couldn't find the key, maybe try increasing MAX_GENERATIONS?
84               500                   426.367660791         011100111000110110010110000100110110100001111001111011001010011101110000111010011101
Couldn't find the key, maybe try increasing MAX_GENERATIONS?
85               500                   427.376320946         1110000001101111011000001011001110111101101001000110101101110101010100111010110000110
Couldn't find the key, maybe try increasing MAX_GENERATIONS?
86               500                   426.935747102         11011110100100010001101000011101001100111001011001001001001101011101011111001111110111